RAND_MAX = 32767

The number of input data: n = 1000
-842150451 5 17 28 33
41 50 93 97 126
129 157 162 170 171
185 223 223 229 262

0 HS execution time = 0.005 sec
-842150451 5 17 28 33
41 50 93 97 126
129 157 162 170 171
185 223 223 229 262

1 HS execution time = 0.002 sec
-842150451 5 17 28 33
41 50 93 97 126
129 157 162 170 171
185 223 223 229 262

2 HS execution time = 0.003 sec
-842150451 5 17 28 33
41 50 93 97 126
129 157 162 170 171
185 223 223 229 262

3 HS execution time = 0.003 sec
-842150451 5 17 28 33
41 50 93 97 126
129 157 162 170 171
185 223 223 229 262

4 HS execution time = 0.002 sec
-842150451 5 17 28 33
41 50 93 97 126
129 157 162 170 171
185 223 223 229 262

5 HS execution time = 0.002 sec
-842150451 5 17 28 33
41 50 93 97 126
129 157 162 170 171
185 223 223 229 262

6 HS execution time = 0.002 sec
-842150451 5 17 28 33
41 50 93 97 126
129 157 162 170 171
185 223 223 229 262

7 HS execution time = 0.002 sec
-842150451 5 17 28 33
41 50 93 97 126
129 157 162 170 171
185 223 223 229 262

8 HS execution time = 0.002 sec
-842150451 5 17 28 33
41 50 93 97 126
129 157 162 170 171
185 223 223 229 262

9 HS execution time = 0.002 sec

ES Average time = 0 sec
IS Average time = 0 sec
SS Average time = 0 sec
MS Average time = 0 sec
QS Average time = 0 sec
HS Average time = 0.0025 sec


The number of input data: n = 5000
-842150451 12 22 26 39
45 63 79 98 111
129 133 136 137 142
147 150 159 165 168

0 HS execution time = 0.003 sec
-842150451 12 22 26 39
45 63 79 98 111
129 133 136 137 142
147 150 159 165 168

1 HS execution time = 0.002 sec
-842150451 12 22 26 39
45 63 79 98 111
129 133 136 137 142
147 150 159 165 168

2 HS execution time = 0.004 sec
-842150451 12 22 26 39
45 63 79 98 111
129 133 136 137 142
147 150 159 165 168

3 HS execution time = 0.003 sec
-842150451 12 22 26 39
45 63 79 98 111
129 133 136 137 142
147 150 159 165 168

4 HS execution time = 0.002 sec
-842150451 12 22 26 39
45 63 79 98 111
129 133 136 137 142
147 150 159 165 168

5 HS execution time = 0.004 sec
-842150451 12 22 26 39
45 63 79 98 111
129 133 136 137 142
147 150 159 165 168

6 HS execution time = 0.004 sec
-842150451 12 22 26 39
45 63 79 98 111
129 133 136 137 142
147 150 159 165 168

7 HS execution time = 0.002 sec
-842150451 12 22 26 39
45 63 79 98 111
129 133 136 137 142
147 150 159 165 168

8 HS execution time = 0.003 sec
-842150451 12 22 26 39
45 63 79 98 111
129 133 136 137 142
147 150 159 165 168

9 HS execution time = 0.002 sec

ES Average time = 0 sec
IS Average time = 0 sec
SS Average time = 0 sec
MS Average time = 0 sec
QS Average time = 0 sec
HS Average time = 0.0029 sec


The number of input data: n = 10000
-842150451 0 0 12 66
77 81 88 106 110
110 115 144 147 190
198 215 226 269 279

0 HS execution time = 0.006 sec
-842150451 0 0 12 66
77 81 88 106 110
110 115 144 147 190
198 215 226 269 279

1 HS execution time = 0.007 sec
-842150451 0 0 12 66
77 81 88 106 110
110 115 144 147 190
198 215 226 269 279

2 HS execution time = 0.008 sec
-842150451 0 0 12 66
77 81 88 106 110
110 115 144 147 190
198 215 226 269 279

3 HS execution time = 0.004 sec
-842150451 0 0 12 66
77 81 88 106 110
110 115 144 147 190
198 215 226 269 279

4 HS execution time = 0.006 sec
-842150451 0 0 12 66
77 81 88 106 110
110 115 144 147 190
198 215 226 269 279

5 HS execution time = 0.005 sec
-842150451 0 0 12 66
77 81 88 106 110
110 115 144 147 190
198 215 226 269 279

6 HS execution time = 0.008 sec
-842150451 0 0 12 66
77 81 88 106 110
110 115 144 147 190
198 215 226 269 279

7 HS execution time = 0.004 sec
-842150451 0 0 12 66
77 81 88 106 110
110 115 144 147 190
198 215 226 269 279

8 HS execution time = 0.006 sec
-842150451 0 0 12 66
77 81 88 106 110
110 115 144 147 190
198 215 226 269 279

9 HS execution time = 0.005 sec

ES Average time = 0 sec
IS Average time = 0 sec
SS Average time = 0 sec
MS Average time = 0 sec
QS Average time = 0 sec
HS Average time = 0.0059 sec


The number of input data: n = 50000
-842150451 35 38 44 53
58 61 69 71 81
102 117 120 121 128
132 135 138 159 177

0 HS execution time = 0.016 sec
-842150451 35 38 44 53
58 61 69 71 81
102 117 120 121 128
132 135 138 159 177

1 HS execution time = 0.016 sec
-842150451 35 38 44 53
58 61 69 71 81
102 117 120 121 128
132 135 138 159 177

2 HS execution time = 0.015 sec
-842150451 35 38 44 53
58 61 69 71 81
102 117 120 121 128
132 135 138 159 177

3 HS execution time = 0.014 sec
-842150451 35 38 44 53
58 61 69 71 81
102 117 120 121 128
132 135 138 159 177

4 HS execution time = 0.016 sec
-842150451 35 38 44 53
58 61 69 71 81
102 117 120 121 128
132 135 138 159 177

5 HS execution time = 0.016 sec
-842150451 35 38 44 53
58 61 69 71 81
102 117 120 121 128
132 135 138 159 177

6 HS execution time = 0.017 sec
-842150451 35 38 44 53
58 61 69 71 81
102 117 120 121 128
132 135 138 159 177

7 HS execution time = 0.016 sec
-842150451 35 38 44 53
58 61 69 71 81
102 117 120 121 128
132 135 138 159 177

8 HS execution time = 0.016 sec
-842150451 35 38 44 53
58 61 69 71 81
102 117 120 121 128
132 135 138 159 177

9 HS execution time = 0.016 sec

ES Average time = 0 sec
IS Average time = 0 sec
SS Average time = 0 sec
MS Average time = 0 sec
QS Average time = 0 sec
HS Average time = 0.0158 sec


The number of input data: n = 100000
-842150451 11 13 28 32
40 52 56 66 109
129 136 146 156 158
166 166 169 173 173

0 HS execution time = 0.036 sec
-842150451 11 13 28 32
40 52 56 66 109
129 136 146 156 158
166 166 169 173 173

1 HS execution time = 0.029 sec
-842150451 11 13 28 32
40 52 56 66 109
129 136 146 156 158
166 166 169 173 173

2 HS execution time = 0.029 sec
-842150451 11 13 28 32
40 52 56 66 109
129 136 146 156 158
166 166 169 173 173

3 HS execution time = 0.031 sec
-842150451 11 13 28 32
40 52 56 66 109
129 136 146 156 158
166 166 169 173 173

4 HS execution time = 0.035 sec
-842150451 11 13 28 32
40 52 56 66 109
129 136 146 156 158
166 166 169 173 173

5 HS execution time = 0.032 sec
-842150451 11 13 28 32
40 52 56 66 109
129 136 146 156 158
166 166 169 173 173

6 HS execution time = 0.029 sec
-842150451 11 13 28 32
40 52 56 66 109
129 136 146 156 158
166 166 169 173 173

7 HS execution time = 0.029 sec
-842150451 1 10 23 24
25 37 39 40 50
56 69 69 73 83
93 103 120 150 159

8 HS execution time = 0.031 sec
-842150451 1 10 23 24
25 37 39 40 50
56 69 69 73 83
93 103 120 150 159

9 HS execution time = 0.031 sec

ES Average time = 0 sec
IS Average time = 0 sec
SS Average time = 0 sec
MS Average time = 0 sec
QS Average time = 0 sec
HS Average time = 0.0312 sec


The number of input data: n = 500000
-842150451 19 28 36 45
50 69 73 74 96
120 125 135 145 148
157 197 201 201 210

0 HS execution time = 0.177 sec
-842150451 19 28 36 45
50 69 73 74 96
120 125 135 145 148
157 197 201 201 210

1 HS execution time = 0.158 sec
-842150451 19 28 36 45
50 69 73 74 96
120 125 135 145 148
157 197 201 201 210

2 HS execution time = 0.157 sec
-842150451 19 28 36 45
50 69 73 74 96
120 125 135 145 148
157 197 201 201 210

3 HS execution time = 0.159 sec
-842150451 12 16 21 25
35 38 39 42 42
117 120 138 145 162
184 185 220 228 228

4 HS execution time = 0.177 sec
-842150451 12 16 21 25
35 38 39 42 42
117 120 138 145 162
184 185 220 228 228

5 HS execution time = 0.193 sec
-842150451 12 16 21 25
35 38 39 42 42
117 120 138 145 162
184 185 220 228 228

6 HS execution time = 0.218 sec
-842150451 4 15 63 94
102 105 111 113 114
117 135 137 162 163
164 179 195 210 216

7 HS execution time = 0.2 sec
-842150451 4 15 63 94
102 105 111 113 114
117 135 137 162 163
164 179 195 210 216

8 HS execution time = 0.205 sec
-842150451 4 15 63 94
102 105 111 113 114
117 135 137 162 163
164 179 195 210 216

9 HS execution time = 0.183 sec

ES Average time = 0 sec
IS Average time = 0 sec
SS Average time = 0 sec
MS Average time = 0 sec
QS Average time = 0 sec
HS Average time = 0.1827 sec


The number of input data: n = 1000000
-842150451 4 16 20 81
103 111 113 115 122
125 142 154 163 165
173 177 195 205 224

0 HS execution time = 0.398 sec
-842150451 3 24 34 38
42 46 47 50 51
80 86 88 121 130
131 176 177 178 179

1 HS execution time = 0.351 sec
-842150451 10 17 31 40
44 71 77 84 110
113 123 132 153 163
175 185 197 210 222

2 HS execution time = 0.355 sec
-842150451 10 17 31 40
44 71 77 84 110
113 123 132 153 163
175 185 197 210 222

3 HS execution time = 0.352 sec
-842150451 3 8 23 25
30 44 63 74 77
121 125 137 152 164
166 199 225 250 279

4 HS execution time = 0.409 sec
-842150451 3 8 23 25
30 44 63 74 77
121 125 137 152 164
166 199 225 250 279

5 HS execution time = 0.447 sec
-842150451 8 12 14 19
19 55 59 61 74
79 135 163 164 183
194 206 223 231 236

6 HS execution time = 0.375 sec
-842150451 3 14 23 52
88 106 110 117 117
126 142 145 154 155
176 232 234 249 252

7 HS execution time = 0.365 sec
-842150451 3 14 23 52
88 106 110 117 117
126 142 145 154 155
176 232 234 249 252

8 HS execution time = 0.507 sec
-842150451 22 29 56 72
89 99 110 122 136
154 164 172 189 194
197 201 203 242 253

9 HS execution time = 0.45 sec

ES Average time = 0 sec
IS Average time = 0 sec
SS Average time = 0 sec
MS Average time = 0 sec
QS Average time = 0 sec
HS Average time = 0.4009 sec

